1441550.71
1326933.08
1479298.59
1478972.46
1662373.34
1482947.21
1059694.64
1029021.43
1441319.03
1408251.14
1436851.22
1515884.47
1529793.49
1568675.40
1264208.79
1476460.66
1391995.40
1518719.09
1459001.71
1312359.44
1560924.13
1492031.69
1486904.45
1560443.83
748634.70
1502710.98
1473753.40
1548906.00
1868432.83
1868273.03
1872720.56
1914440.18
1051912.34
1824049.67
1948121.32
1964893.51
1914500.41
1998803.49
1933061.82
1793586.63
1897423.91
1931952.80
1925912.86
2020629.22
1981408.48
1852039.93
1981343.97
1994965.57
1912991.54
1983211.90
1963028.25
1852116.43
1913846.71
1931160.17
2001508.24
1918954.90
1863275.90
1934145.77
2027081.11
1914427.28
1979953.38
1951056.86
1868354.97
2014103.99
1529505.12
1335195.15
1137480.04
725046.44
945642.39
1015386.30
996614.66
1162271.15
383398.75
112708.89
262953.25
285708.35
312986.49
491901.22
955055.76
832167.41
719540.22
865763.07
1074355.24
1108561.09
1222779.57
1277832.52
1218962.15
1208410.40
1241894.22
1229201.26
1227573.61
1207020.25
1242116.93
1064812.26
1183216.58
1047938.85
1082611.99
1047931.12
1129955.01
1258535.32
1220532.07
1206656.12
1264310.09
1236278.89
1569397.80
1049239.77
2012552.94
2000840.76
1897694.39
2000258.26
1995105.72
1847898.37
1985976.43
1981090.57
1927647.16
1981565.17
2014265.89
1867032.49
1999967.14
1982224.46
1945314.52
2000004.70
1999699.56
1893388.45
1985800.53
1981671.18
1901803.43
1808162.08
1844166.41
1901943.54
1801558.87
1824014.52
1981265.64
1963014.68
1885302.06
1995157.11
2008434.80
1945629.93
2014708.87
1980777.37
1868641.83
1999657.32
1995624.45
1914134.80
1999920.19
1999549.38
1866623.43
2002802.15
2018604.08
1914638.09
2013704.10
1939504.32
1919054.31
2001588.17
1981118.21
1629064.21
1824307.45
1835615.73
1968243.55
1932044.80
1909865.32
1651199.98
1484156.21
1824366.05
1299014.88
1126785.30
1616432.07
1405985.23
1118132.81
980351.95
668865.95
507938.02
891247.04
812115.08
369474.69
271747.56
573665.22
829015.06
996443.31
999545.96
958583.58
958324.80
626958.31
526190.06
487414.28
285226.74
188698.57
204944.00
953080.29
1002197.39
1065073.16
615550.46
662473.44
303313.43
645887.81
638204.09
795488.33
1033677.06
507770.01
123401.19
67692.01
323089.52
704648.54
824715.28
824871.79
643977.94
668138.93
563105.18
1132906.04
1154443.83
1134364.69
1152947.16
1105029.76
1125487.30
1103548.33
1281326.37
1184923.10
1280923.74
1145232.19
1222462.00
1263974.34
1239998.14
1256539.93
1231204.99
1279356.09
1690050.54
1995638.48
1958925.40
1860171.83
1927206.76
2018699.74
1945061.37
1932119.29
1808726.37
1427180.09
1786261.21
1396572.69
1059590.53
1077226.92
